-255  0
-254  0
-253  0
-252  0
-251  0
-250  0
-249  0
-248  0
-247  0
-246  0
-245  0
-244  0
-243  0
-242  0
-241  0
-240  0
-239  0
-238  0
-237  0
-236  0
-235  0
-234  0
-233  0
-232  0
-231  0
-230  0
-229  0
-228  0
-227  0
-226  0
-225  0
-224  0
-223  0
-222  0
-221  0
-220  0
-219  0
-218  0
-217  0
-216  0
-215  0
-214  0
-213  0
-212  0
-211  0
-210  0
-209  0
-208  0
-207  0
-206  0
-205  0
-204  0
-203  0
-202  0
-201  0
-200  0
-199  0
-198  0
-197  0
-196  0
-195  0
-194  0
-193  0
-192  0
-191  0
-190  0
-189  0
-188  0
-187  0
-186  0
-185  0
-184  0
-183  0
-182  0
-181  0
-180  0
-179  0
-178  0
-177  0
-176  0
-175  0
-174  0
-173  0
-172  0
-171  0
-170  0
-169  0
-168  0
-167  0
-166  0
-165  0
-164  0
-163  0
-162  0
-161  0
-160  0
-159  0
-158  0
-157  0
-156  0
-155  0
-154  0
-153  0
-152  0
-151  0
-150  0
-149  0
-148  0
-147  0
-146  0
-145  0
-144  0
-143  0
-142  0
-141  0
-140  0
-139  0
-138  0
-137  0
-136  0
-135  0
-134  0
-133  0
-132  0
-131  0
-130  0
-129  0
-128  0
-127  0
-126  0
-125  0
-124  0
-123  0
-122  0
-121  0
-120  0
-119  0
-118  0
-117  0
-116  0
-115  0
-114  0
-113  0
-112  0
-111  0
-110  0
-109  0
-108  0
-107  0
-106  0
-105  0
-104  0
-103  0
-102  0
-101  0
-100  0
-99  0
-98  0
-97  0
-96  0
-95  0
-94  0
-93  0
-92  0
-91  0
-90  0
-89  0
-88  0
-87  0
-86  0
-85  0
-84  0
-83  0
-82  0
-81  0
-80  0
-79  0
-78  0
-77  1
-76  0
-75  1
-74  0
-73  1
-72  0
-71  2
-70  1
-69  0
-68  1
-67  1
-66  1
-65  1
-64  1
-63  0
-62  2
-61  1
-60  0
-59  1
-58  2
-57  1
-56  1
-55  2
-54  1
-53  0
-52  1
-51  0
-50  0
-49  1
-48  1
-47  0
-46  1
-45  0
-44  0
-43  1
-42  2
-41  0
-40  0
-39  1
-38  4
-37  2
-36  8
-35  3
-34  6
-33  11
-32  5
-31  8
-30  19
-29  17
-28  15
-27  18
-26  20
-25  18
-24  27
-23  38
-22  26
-21  27
-20  39
-19  34
-18  38
-17  53
-16  59
-15  83
-14  76
-13  91
-12  124
-11  172
-10  212
-9  290
-8  436
-7  711
-6  895
-5  1350
-4  1860
-3  2479
-2  3069
-1  3528
0  229392
1  3608
2  3312
3  2590
4  2106
5  1537
6  990
7  679
8  456
9  257
10  169
11  130
12  93
13  73
14  53
15  47
16  40
17  47
18  33
19  34
20  17
21  8
22  12
23  12
24  7
25  11
26  3
27  1
28  1
29  1
30  1
31  0
32  443
33  1
34  0
35  0
36  1
37  2
38  2
39  0
40  1
41  0
42  0
43  0
44  0
45  0
46  1
47  0
48  0
49  0
50  1
51  0
52  0
53  0
54  0
55  0
56  0
57  0
58  0
59  0
60  0
61  0
62  0
63  0
64  0
65  0
66  0
67  0
68  0
69  0
70  0
71  0
72  0
73  0
74  0
75  0
76  0
77  0
78  0
79  0
80  0
81  0
82  0
83  0
84  0
85  0
86  0
87  0
88  0
89  0
90  0
91  0
92  0
93  0
94  0
95  0
96  0
97  0
98  0
99  0
100  0
101  0
102  0
103  0
104  0
105  0
106  0
107  0
108  0
109  0
110  0
111  0
112  0
113  0
114  0
115  0
116  0
117  0
118  0
119  0
120  0
121  0
122  0
123  0
124  0
125  0
126  0
127  0
128  0
129  0
130  0
131  0
132  0
133  0
134  0
135  0
136  0
137  0
138  0
139  0
140  0
141  0
142  0
143  0
144  0
145  0
146  0
147  0
148  0
149  0
150  0
151  0
152  0
153  1
154  1
155  4
156  7
157  7
158  7
159  5
160  8
161  4
162  11
163  4
164  6
165  0
166  1
167  1
168  1
169  0
170  1
171  1
172  1
173  0
174  0
175  0
176  0
177  0
178  0
179  0
180  0
181  0
182  0
183  0
184  0
185  0
186  0
187  0
188  0
189  0
190  0
191  0
192  0
193  0
194  0
195  0
196  0
197  0
198  0
199  0
200  0
201  0
202  0
203  0
204  0
205  0
206  0
207  0
208  0
209  0
210  0
211  0
212  0
213  0
214  0
215  0
216  0
217  0
218  0
219  0
220  0
221  0
222  0
223  0
224  0
225  0
226  0
227  0
228  0
229  0
230  0
231  0
232  0
233  0
234  0
235  0
236  0
237  0
238  0
239  0
240  0
241  0
242  0
243  0
244  0
245  0
246  0
247  0
248  0
249  0
250  0
251  0
252  0
253  0
254  0
255  0
256  0
